0.179748 -0.028861 -0.170517
0.184002 -0.030383 -0.385860
0.185522 -0.031590 -0.599713
0.187097 -0.032602 -0.814782
0.188223 -0.032801 -1.026578
0.191301 -0.032831 -1.229808
0.198007 -0.033006 -1.423463
0.198768 -0.033194 -1.630286
0.212648 -0.037007 -1.834390
0.211567 -0.037818 -2.034754
0.219929 -0.039925 -2.280773
0.233713 -0.042664 -2.499282
0.234057 -0.041038 -2.699507
0.189961 -0.007563 -2.945562
0.189080 -0.007127 3.137375
0.188375 -0.007371 2.933131
0.127417 0.019658 2.765042
0.124349 0.020960 2.557437
0.124035 0.021429 2.352655
0.010639 0.074138 2.216164
0.003691 0.077500 2.013843
0.003482 0.077032 1.815356
-0.051299 0.114228 1.775362
-0.148637 0.180011 1.743311
-0.159239 0.187763 1.543049
-0.158126 0.188699 1.342617
-0.199046 0.225984 1.306719
-0.272742 0.293557 1.281424
-0.281522 0.301263 1.081694
-0.281913 0.300910 0.879032
-0.384610 0.390551 0.839277
-0.392687 0.397959 0.650723
-0.491481 0.470695 0.509102
-0.530166 0.502493 0.545410
-0.589787 0.551576 0.589176
-0.662813 0.601897 0.529574
-0.675312 0.601314 0.345953
-0.672720 0.604875 0.167389
-0.695097 0.664271 -0.021874
-0.639631 0.661294 -0.059725
-0.586344 0.657302 -0.091674
-0.532849 0.651429 -0.115027
-0.480063 0.645338 -0.132677
-0.429229 0.638722 -0.144184
-0.379505 0.632073 -0.151022
-0.321209 0.623349 -0.155832
-0.270893 0.615235 -0.158092
-0.221448 0.607571 -0.161694
-0.162960 0.598203 -0.163169
-0.179141 0.656968 -0.100153
-0.128689 0.651648 -0.105149
-0.078875 0.646471 -0.107433
-0.019554 0.640301 -0.108381
0.038951 0.633921 -0.109847
0.090872 0.628010 -0.111356
0.142894 0.619932 -0.127126
0.199162 0.609601 -0.197859
0.257047 0.595648 -0.350470
0.303880 0.575134 -0.530971
0.295384 0.657601 -0.604126
0.327172 0.634915 -0.788961
0.351897 0.606102 -0.995934
0.369505 0.572899 -1.207110
0.379787 0.535963 -1.415199
0.314304 0.501305 -1.601450
0.298685 0.458370 -1.815368
0.286791 0.417390 -1.999732
0.177730 0.368735 -2.139314
-0.112967 0.290636 -2.403279
-0.194241 0.272566 -2.502054
-0.226747 0.250880 -2.707402
-0.352648 0.197167 -3.009827
-0.608999 0.133227 3.005340
-0.686410 0.127436 2.898647
-0.726084 0.140673 2.706085
-0.799320 0.134654 2.485876
-0.907739 0.082273 2.349230
-0.950453 0.086709 2.167941
-1.000162 0.063820 2.102148
-1.039547 0.097420 2.065804
-1.065583 0.148937 1.995178
-1.085626 0.196502 1.963062
-1.104665 0.243314 1.944110
-1.125113 0.297973 1.929921
-1.143650 0.344423 1.925864
-1.133732 0.397362 1.980210
-1.157081 0.447775 2.069274
-1.189258 0.497509 2.240774
-1.221840 0.533467 2.452373
-1.251499 0.556320 2.643705
-1.286464 0.570180 2.835371
-1.323461 0.578437 3.039865
-1.342033 0.579744 -3.137394
-1.380097 0.577225 -2.930979
-1.420249 0.542632 -2.773767
-1.459136 0.519194 -2.550238
-1.484231 0.498465 -2.356732
-1.499005 0.477780 -2.175577
-1.545872 0.507428 -2.187022
-1.511651 0.552949 -2.188617
-1.481628 0.595400 -2.185640
-1.451180 0.638602 -2.182230
-1.421653 0.680508 -2.177449
-1.386798 0.729123 -2.172542
-1.353139 0.778442 -2.170732
-1.324450 0.820289 -2.169596
-1.296264 0.861788 -2.168771
-1.274221 0.909502 -2.238180
-1.239358 0.952891 -2.239438
-1.204186 0.998431 -2.235257
-1.172340 1.038480 -2.210622
-1.158298 1.060702 -2.023442
-1.156664 1.066939 -1.803820
-1.157142 1.068963 -1.600387
-1.206697 0.993386 -1.650895
-1.196508 0.954435 -1.474513
-1.198344 0.957414 -1.285441
-1.223413 0.980870 -1.096714
-1.233445 0.995351 -0.915113
-1.255041 1.016917 -0.731745
-1.290041 1.055345 -0.615774
-1.336086 1.086525 -0.599036
-1.379892 1.116558 -0.586268
-1.420547 1.142130 -0.783548
-1.437986 1.147756 -0.958674
-1.462190 1.124263 -1.136474
-1.478435 1.179999 -1.309560
-1.490232 1.235020 -1.342077
-1.501543 1.285272 -1.354834
-1.512157 1.340050 -1.363271
-1.520083 1.391445 -1.413886
-1.511112 1.336534 -1.387617
-1.500692 1.277885 -1.377799
-1.490823 1.227599 -1.377197
-1.481392 1.178222 -1.374930
-1.471238 1.125500 -1.372110
-1.460591 1.076283 -1.323458
-1.444693 1.055502 -1.139715
-1.439285 1.050663 -0.955187
-1.447129 1.055024 -0.772518
EOP
